Teufe[m] KN[Ohm m] SB[Ohm m] OK[Ohm m] UK[Ohm m]
   0.65   1968.21   1984.23   3073.73    927.40
   0.85   1723.16   2460.50   2674.12   2332.32
   1.05   1556.66   2676.64   1819.61   3702.05
   1.25   1207.94   2601.24   1241.56   4091.61
   1.45    747.70   2126.23   1435.08   2907.86
   1.65    777.54   1788.19   1982.97   1658.76
   1.85   1190.66   1553.20   1528.07   1636.14
   2.05    925.20   1425.03   1055.58   1844.74
   2.25    807.39   1310.67   1085.73   1590.90
   2.45    677.01   1574.57   1869.88   1324.50
   2.65    885.93   1431.31   1605.98   1311.93
   2.85   1063.43   1399.89   1515.50   1329.52
   3.05   1076.00   1327.01    952.53   1751.75
   3.25    730.42   1428.80    741.42   2166.44
   3.45    560.77   1154.85   1068.14   1274.23
   3.65    736.70   1027.93   1017.88   1058.09
   3.85    659.73    972.64   1017.88    957.56
   4.05    728.85    978.92    831.89   1161.13
   4.25    730.42    746.44    410.67   1115.89
   4.45    567.06    679.84     97.01   1294.34
   4.65    257.77    781.63     32.70   1550.69
   4.85    131.95    232.85     67.36    404.39
   5.05     70.06     57.18     33.15     83.94
   5.25    204.52     89.35    106.81     73.89
   5.45     92.05     82.94    113.10     54.04
   5.65    108.86     48.63     70.37     28.73
   5.85    185.51     55.17     64.34     49.54
   6.05     83.72     67.23     61.32     77.41
   6.25     66.76    311.65    560.46     67.86
   6.45    301.12    534.07   1035.47     40.01
   6.65    508.94    815.56   1550.69     86.21
   6.85    607.90   1314.44   2266.97    380.51
   7.05    895.35   1629.86   2711.82    573.03
   7.25   1033.58   1668.81   2327.29   1065.63
   7.45    912.63   2111.15   3025.98   1274.23
   7.65   1151.39   2020.67   2442.90   1688.92
   7.85   1143.54   1901.29   1671.33   2221.73
   8.05    936.19   2113.66   1455.19   2842.51
   8.25    614.18   2221.73   1658.76   2832.46
   8.45    771.26   2157.65   2772.14   1598.44
   8.65   1160.82   2089.79   2744.50   1502.94
   8.85   1196.95   1935.22   2055.86   1910.09
   9.05   1127.83   1840.97   1279.26   2523.33
   9.25    950.33   1682.64    202.32   3224.53
